Pageviews
1
1
1
1
1
4
1
3
1
1
1
1
10
2
2
4
1
3
1
3
1
1
3
1
2
1
1
3
1
1
1
5
7
1
1
1
1
2
1
1
1
1
1
1
1
1
1
1
1
1
5
1
1
1
1
3
3
62
16
22
1
2
1
1
1
1
1
1
1
1
2
1
5
4
1
1
1
4
1
1
1
4
2
1
1
1
2
2
1
1
1
2
5
46
1
10
1
1
2
1
3
3
2
1
1
1
1
3
6
1
7
1
1
3
1
3
1
5
2
1
1
1
1
1
11
2
1
5
15
1
1
1
17
1
1
1
5
4
1
1
1
4
2
1
17
3
1
1
1
1
1
3
1
3
1
1
1
8
1
1
7
1
1
1
3
1
1
68
2
1
1
1
1
3
2
10
1
5
1
2
1
1
1
1
1
3
1
3
1
1
3
1
1
1
2
1
1
2
1
3
1
1
6
2
6
2
3
67
1
1
3
1
1
9
2
2
1
13
2
1
6
1
1
2
1
1
1
1
1
3
1
11
1
2
3
1
1
1
1
73
2
5
1
14
2
1
1
23
1
6
1
2
1
1
19
4
20
24
1
1
3
4
1
1
1
1
1
1
4
5
18
19
1
1
3
1
1
3
2
40
8
13
18
4
1
2
1
1
1
1
1
1
1
1
2
1
1
2
1
3
13
4
3
2
1
10
4
1
2
1
1
1
1
2
8
2
2
1
2
3
1
3
1
1
1
10
1
3
1
1
1
48
1
5
8
1
1
3
45
1
1
1
1
16
52
1
1
1
1
1
1
1
3
1
1
1
2
1
1
1
2
1
1
3
1
40
11
1
3
30
2
21
1
3
1
1
1
1
1
1
2
13
1
1
1
3
1
1
1
1
3
1
1
1
3
10
9
1
1
1
3
4
1
1
1
1
9
6
1
2
4
1
1
4
15
1
3
5
1
8
17
1
1
1
1
1
1
2
1
1
1
151
1
1
22
1
3
1
1
1
1
22
1
1
7
1
7
1
1
2
1
5
1
1
1
1
1
1
6
14
6
1
2
1
5
2
1
1
1
1
13
1
2
1
2
2
4
1
60
64
1
1
1
35
1
2
1
11
1
1
43
1
2
1
43
1
1
1
14
1
7
3
7
15
1
1
1
2
4
18
4
1
28
1
1
1
1
1
1
2
1
1
15
1
2
3
1
4
1
2
1
31
1
11
5
1
1
1
1
9
2
1
1
1
1
1
1
1
2
1
1
2
1
2
1
1
1
6
1
12
1
1
1
1
1
2
2
1
3
8
1
35
2
2
3
11
4
10
3
20
11
2
18
9
2
2
4
8
13
2
3
7
31
1
1
1
21
1
1
7
1
1
1
1
1
1
4
1
4
1
1
1
1
2
3
12
2
1
1
1
1
1
3
1
1
3
1
1
4
13
10
2
2
1
1
1
1
1
5
2
1
1
1
1
4
1
1
35
1
1
23
36
3
5
1
1
1
1
13
1
1
1
2
2
1
4
1
5
6
1
1
2
1
4
3
2
3
11
28
2
2
1
7
2
1
1
1
3
1
1
1
29
1
4
1
1
1
2
1
1
1
1
1
1
10
4
1
3
2
6
1
2
1
1
1
1
2
1
1
1
1
2
1
32
8
1
5
7
1
1
1
1
1
1
1
1
3
1
1
4
7
1
1
1
1
1
1
5
1
4
4
3
1
4
1
1
11
4
16
3
7
2
2
1
1
2
1
3
1
41
1
3
1
1
1
1
1
2
3
1
2
1
1
1
1
1
1
1
2
1
1
1
2
2
2
4
2
2
1
1
4
1
1
4
2
1
1
2
1
2
13
5
5
3
1
2
1
1
2
1
18
2
1
1
1
3
3
1
1
1
2
1
1
8
1
1
1
5
1
1
1
1
1
3
3
1
2
1
1
5
3
1
4
1
2
6
2
1
1
1
3
1
1
1
5
8
1
1
2
1
2
3
11
2
1
3
1
1
19
1
1
1
1
3
1
18
3
1
1
1
1
1
9
25
1
6
2
1
1
7
1
1
1
1
105
1
2
3
2
4
2
2
1
1
3
2
1
1
3
1
1
1
1
1
5
2
2
1
1
1
1
1
1
2
1
7
3
1
2
1
1
21
1
3
1
77
2
3
1
4
2
1
1
1
1
1
1
1
1
1
1
4
1
2
3
2
1
4
1
1
1
1
1
3
20
2
1
1
1
1
6
18
1
1
4
3
1
2
3
1
1
1
1
1
7
1
5
1
1
2
1
2
2
4
1
1
1
3
1
2
2
25
34
1
1
1
1
2
14
1
1
2
1
1
1
12
1
3
2
1
2
3
2
1
2
3
1
2
1
1
3
7
1
6
2
1
1
3
1
1
1
3
3
1
6
4
3
1
4
1
1
2
1
1
16
1
1
71
1
2
2
1
4
1
1
1
1
5
2
1
1
1
9
1
1
1
2
1
1
3
1
2
3
1
1
1
1
1
2
7
1
1
1
1
4
1
3
1
1
4
1
3
2
1
1
1
2
1
2
1
24
21
1
1
1
2
1
2
1
15
1
5
1
1
1
1
16
1
4
21
1
2
1
3
24
1
1
1
1
12
1
1
3
5
2
2
3
2
1
1
5
1
1
1
2
1
1
1
1
1
1
1
2
2
10
1
2
4
1
1
1
1
9
2
6
1
2
1
2
1
1
1
8
1
1
3
6
2
1
6
1
2
2
1
1
1
2
1
2
1
5
2
1
1
1
3
39
2
6
21
8
1
1
1
4
1
34
1
11
7
1
27
1
1
1
10
3
3
17
1
2
1
1
1
3
1
2
1
1
26
3
1
1
5
1
1
1
5
1
1
1
2
1
1
2
7
1
2
1
1
1
1
7
3
5
1
2
1
3
1
1
2
3
2
5
1
10
1
1
1
1
1
3
3
1
1
2
1
1
2
57
3
3
2
1
1
46
5
1
1
3
1
1
3
2
1
1
1
2
6
18
1
1
5
3
1
2
1
1
3
2
2
5
1
1
2
1
1
1
2
1
1
2
13
2
1
2
1
1
2
1
3
3
1
1
1
2
1
7
2
1
1
9
5
9
1
12
1
1
12
1
2
1
7
5
3
12
8
1
3
1
1
7
1
1
14
1
2
1
2
2
1
1
6
11
1
1
1
2
1
1
1
1
1
1
1
3
1
2
1
2
1
1
9
5
2
1
1
1
4
1
2
1
4
1
5
4
1
1
1
1
7
3
1
1
5
1
2
1
17
1
4
1
1
12
1
1
3
2
2
1
7
1
5
1
1
1
45
1
3
1
1
1
1
1
1
1
1
8
2
1
1
7
3
1
1
12
4
3
18
2
1
5
3
1
1
1
1
1
1
1
2
1
2
1
12
2
21
7
8
1
1
1
1
3
1
3
1
10
1
3
1
3
43
1
1
2
5
1
1
14
12
5
4
1
2
1
1
1
2
96
1
4
6
3
3
1
1
11
1
1
1
1
6
1
1
5
1
1
1
1
1
4
1
9
1
55
4
1
5
1
2
1
1
16
1
1
3
1
1
1
1
1
5
1
1
3
3
1
1
3
1
1
1
1
1
1
4
1
1
1
1
1
7
3
1
7
6
1
1
11
1
1
1
1
1
1
2
1
1
1
18
1
2
1
3
1
24
1
1
1
1
1
2
1
1
1
1
1
1
1
1
1
2
1
1
1
1
1
1
2
1
1
1
1
1
7
18
1
1
1
3
1
1
1
45
2
1
2
3
2
1
1
3
1
7
1
1
5
3
2
1
1
1
20
16
7
1
1
10
1
6
26
1
1
1
1
1
2
1
1
1
2
1
1
1
11
1
1
1
1
1
4
1
1
1
2
1
1
2
1
2
1
1
1
2
1
1
1
1
1
2
2
1
1
1
1
1
1
10
18
3
12
1
1
1
1
3
2
2
1
1
9
3
1
1
2
2
14
1
8
6
2
1
505
5
17
2
3
18
1
2
1
9
26
2
23
11
1
1
1
16
4
2
3
4
2
1
7
1
1
2
1
1
1
5
1
1
2
3
2
1
2
2
1
2
1
1
3
1
1
2
1
2
2
1
2
2
3
4
1
3
5
1
1
2
2
2
4
3
2
2
2
2
3
1
1
2
1
2
1
2
4
4
1
2
4
3
2
1
1
2
2
1
2
1
4
1
4
3
4
3
15
2
2
8
8
1
1
1
1
1
4
249
1
118
1
3
3
1
1
1
33
2
3
8
5
1
1
2
1
1
1
3
1
13
60
13
5
5
24
1
1
1
1
1
1
1
3
2
1
19
1
1
1
3
1
4
5
1
1
1
10
1
1
3
2
1
1
1
2
1
3
1
24
4
1
1
1
1
6
1
7
1
1
1
1
4
2
1
1
1
25
1
2
1
10
1
2
2
1
4
1
20
6
18
1
1
3
1
1
17
7
1
4
1
1
1
1
1
2
1
2
2
3
6
1
9
1
4
2
1
1
1
1
1
1
1
1
7
1
1
19
1
2
1
3
4
1
11
1
1
1
1
1
1
1
1
11
1
2
1
1
2
17
42
1
29
2
5
1
1
1
1
1
1
1
1
1
1
1
40
3
1
2
1
2
3
1
5
8
1
20
1
1
6
2
1
6
1
2
1
5
1
53
1
1
1
14
1
2
17
1
3
1
2
1
1
6
2
1
2
2
1
1
1
1
1
1
1
15
1
1
1
1
1
8
1
60
1
1
1
18
1
1
9
1
1
3
1
1
1
1
26
5
2
1
1
3
3
24
15
7
101
4
1
1
1
1
1
4
7
1
7
1
1
3